# Tree 1: 264 vertices, 263 edges
0 1
0 2
0 3
2 4
2 5
2 6
2 7
4 8
4 9
4 10
5 11
6 12
6 13
7 14
7 15
7 16
7 17
7 18
9 19
9 20
9 21
9 22
13 23
15 24
16 25
17 26
17 27
18 28
18 29
26 30
26 31
26 32
26 33
27 34
29 35
32 36
35 37
35 38
35 39
35 40
35 41
35 42
35 43
36 44
36 45
36 46
37 47
38 48
39 49
44 50
46 51
46 52
46 53
46 54
47 55
47 56
47 57
48 58
49 59
50 60
50 61
52 62
52 63
54 64
54 65
56 66
56 67
56 68
57 69
57 70
57 71
57 72
60 73
60 74
60 75
60 76
60 77
62 78
62 79
63 80
67 81
67 82
69 83
71 84
72 85
72 86
73 87
73 88
73 89
73 90
73 91
75 92
75 93
76 94
76 95
77 96
78 97
78 98
78 99
78 100
81 101
81 102
83 103
83 104
84 105
84 106
84 107
86 108
86 109
86 110
88 111
89 112
90 113
90 114
90 115
93 116
94 117
95 118
99 119
99 120
102 121
102 122
102 123
102 124
104 125
104 126
104 127
104 128
104 129
104 130
104 131
104 132
105 133
106 134
106 135
109 136
110 137
110 138
111 139
113 140
113 141
114 142
114 143
115 144
116 145
116 146
117 147
117 148
118 149
127 150
127 151
128 152
128 153
128 154
128 155
130 156
130 157
130 158
130 159
131 160
134 161
135 162
135 163
136 164
143 165
143 166
144 167
144 168
144 169
146 170
146 171
146 172
150 173
151 174
151 175
151 176
151 177
151 178
152 179
154 180
156 181
156 182
156 183
157 184
159 185
160 186
162 187
164 188
165 189
165 190
166 191
166 192
167 193
168 194
170 195
170 196
175 197
177 198
180 199
183 200
185 201
185 202
188 203
193 204
193 205
195 206
195 207
196 208
196 209
196 210
198 211
198 212
198 213
200 214
200 215
200 216
200 217
202 218
205 219
206 220
209 221
210 222
211 223
211 224
211 225
211 226
212 227
212 228
213 229
213 230
213 231
213 232
214 233
217 234
217 235
218 236
221 237
221 238
221 239
221 240
222 241
229 242
229 243
231 244
231 245
232 246
232 247
234 248
236 249
236 250
236 251
238 252
239 253
242 254
243 255
245 256
247 257
249 258
249 259
249 260
254 261
256 262
256 263

# Tree 2: 136 vertices, 135 edges
0 1
0 2
0 3
0 4
0 5
0 6
0 7
2 8
2 9
2 10
2 11
2 12
2 13
3 14
3 15
3 16
3 17
3 18
4 19
4 20
5 21
6 22
7 23
7 24
10 25
14 26
15 27
15 28
17 29
17 30
17 31
18 32
19 33
19 34
20 35
21 36
21 37
23 38
23 39
25 40
25 41
25 42
26 43
26 44
26 45
26 46
26 47
26 48
29 49
29 50
31 51
31 52
34 53
34 54
34 55
34 56
34 57
35 58
36 59
36 60
38 61
39 62
40 63
41 64
42 65
45 66
45 67
47 68
49 69
50 70
54 71
55 72
55 73
57 74
60 75
60 76
60 77
67 78
69 79
72 80
73 81
73 82
73 83
73 84
75 85
75 86
75 87
76 88
77 89
78 90
81 91
83 92
83 93
83 94
86 95
88 96
89 97
90 98
90 99
90 100
91 101
91 102
92 103
93 104
94 105
94 106
94 107
94 108
99 109
100 110
101 111
103 112
105 113
106 114
110 115
110 116
111 117
111 118
111 119
112 120
115 121
116 122
116 123
119 124
123 125
124 126
124 127
125 128
125 129
125 130
125 131
126 132
127 133
129 134
131 135

# Tree 3: 102 vertices, 101 edges
0 1
0 2
0 3
0 4
1 5
1 6
2 7
3 8
3 9
6 10
7 11
7 12
8 13
8 14
10 15
10 16
10 17
10 18
12 19
12 20
12 21
13 22
13 23
13 24
13 25
13 26
15 27
18 28
19 29
20 30
20 31
20 32
21 33
23 34
23 35
24 36
24 37
24 38
24 39
26 40
26 41
26 42
26 43
26 44
28 45
28 46
32 47
35 48
36 49
36 50
36 51
41 52
41 53
42 54
42 55
43 56
45 57
45 58
46 59
47 60
47 61
48 62
49 63
49 64
50 65
52 66
52 67
52 68
52 69
53 70
54 71
56 72
57 73
60 74
61 75
61 76
62 77
64 78
73 79
76 80
76 81
78 82
81 83
82 84
83 85
83 86
83 87
84 88
85 89
85 90
85 91
85 92
90 93
91 94
93 95
93 96
93 97
93 98
94 99
94 100
100 101

# Tree 4: 103 vertices, 102 edges
0 1
0 2
1 3
1 4
1 5
1 6
1 7
1 8
1 9
3 10
3 11
4 12
4 13
8 14
8 15
8 16
8 17
8 18
10 19
10 20
12 21
14 22
15 23
15 24
16 25
16 26
17 27
17 28
19 29
22 30
24 31
25 32
25 33
25 34
25 35
25 36
25 37
25 38
25 39
27 40
31 41
31 42
31 43
31 44
32 45
32 46
32 47
33 48
33 49
33 50
34 51
34 52
34 53
34 54
34 55
34 56
37 57
41 58
42 59
45 60
46 61
48 62
51 63
51 64
52 65
54 66
55 67
56 68
56 69
57 70
58 71
63 72
64 73
69 74
71 75
72 76
72 77
72 78
72 79
76 80
77 81
79 82
80 83
80 84
80 85
83 86
83 87
84 88
85 89
85 90
85 91
86 92
87 93
87 94
89 95
90 96
90 97
90 98
91 99
97 100
98 101
100 102

# Tree 5: 357 vertices, 356 edges
0 1
0 2
0 3
0 4
0 5
1 6
2 7
4 8
6 9
7 10
7 11
7 12
8 13
8 14
8 15
8 16
9 17
11 18
11 19
11 20
11 21
12 22
18 23
21 24
22 25
22 26
23 27
25 28
25 29
25 30
26 31
26 32
26 33
29 34
30 35
30 36
31 37
31 38
31 39
31 40
32 41
32 42
32 43
33 44
34 45
38 46
39 47
40 48
42 49
45 50
45 51
46 52
47 53
47 54
47 55
47 56
47 57
47 58
52 59
52 60
53 61
54 62
54 63
54 64
56 65
56 66
58 67
58 68
58 69
61 70
62 71
62 72
62 73
62 74
65 75
65 76
70 77
70 78
70 79
71 80
71 81
72 82
73 83
73 84
73 85
73 86
73 87
73 88
79 89
79 90
79 91
79 92
80 93
80 94
82 95
83 96
84 97
84 98
84 99
84 100
85 101
85 102
85 103
86 104
87 105
87 106
88 107
89 108
92 109
95 110
97 111
98 112
99 113
99 114
99 115
99 116
99 117
102 118
103 119
103 120
104 121
104 122
104 123
104 124
104 125
104 126
104 127
104 128
107 129
107 130
107 131
109 132
114 133
115 134
115 135
115 136
115 137
117 138
117 139
119 140
121 141
121 142
121 143
122 144
122 145
123 146
124 147
124 148
125 149
126 150
126 151
126 152
126 153
126 154
127 155
128 156
128 157
128 158
129 159
131 160
133 161
135 162
139 163
139 164
139 165
139 166
142 167
143 168
147 169
147 170
147 171
147 172
152 173
152 174
158 175
158 176
159 177
159 178
160 179
160 180
160 181
161 182
161 183
162 184
164 185
164 186
165 187
165 188
166 189
166 190
167 191
169 192
169 193
170 194
171 195
171 196
171 197
171 198
171 199
175 200
175 201
178 202
178 203
178 204
178 205
178 206
178 207
178 208
178 209
178 210
180 211
180 212
182 213
182 214
183 215
184 216
184 217
184 218
185 219
185 220
185 221
189 222
190 223
190 224
190 225
192 226
194 227
194 228
195 229
195 230
195 231
195 232
199 233
200 234
204 235
205 236
207 237
207 238
208 239
211 240
211 241
212 242
212 243
212 244
212 245
216 246
219 247
220 248
223 249
226 250
226 251
226 252
228 253
229 254
229 255
229 256
232 257
233 258
233 259
233 260
234 261
234 262
234 263
234 264
235 265
237 266
242 267
242 268
246 269
246 270
247 271
251 272
251 273
251 274
252 275
253 276
254 277
256 278
256 279
257 280
260 281
261 282
261 283
261 284
263 285
263 286
264 287
264 288
268 289
271 290
272 291
276 292
277 293
277 294
279 295
279 296
280 297
281 298
282 299
285 300
286 301
287 302
289 303
289 304
289 305
290 306
293 307
293 308
294 309
294 310
296 311
296 312
296 313
299 314
299 315
299 316
300 317
300 318
300 319
301 320
302 321
302 322
304 323
304 324
313 325
316 326
317 327
317 328
317 329
318 330
318 331
320 332
324 333
324 334
328 335
328 336
329 337
331 338
332 339
333 340
335 341
335 342
337 343
341 344
343 345
343 346
345 347
346 348
346 349
347 350
348 351
349 352
351 353
351 354
353 355
354 356

# Tree 6: 322 vertices, 321 edges
0 1
0 2
0 3
0 4
1 5
1 6
4 7
4 8
4 9
7 10
8 11
8 12
8 13
8 14
11 15
11 16
11 17
11 18
14 19
15 20
15 21
17 22
17 23
17 24
17 25
17 26
17 27
17 28
18 29
20 30
20 31
20 32
20 33
20 34
20 35
20 36
23 37
28 38
28 39
29 40
30 41
30 42
30 43
30 44
30 45
30 46
30 47
30 48
30 49
30 50
36 51
36 52
37 53
37 54
37 55
38 56
38 57
38 58
38 59
38 60
40 61
40 62
40 63
43 64
43 65
44 66
48 67
50 68
50 69
50 70
50 71
50 72
50 73
54 74
56 75
57 76
57 77
58 78
58 79
58 80
58 81
59 82
59 83
60 84
60 85
61 86
62 87
62 88
68 89
68 90
68 91
68 92
71 93
77 94
77 95
78 96
82 97
82 98
85 99
85 100
89 101
89 102
89 103
90 104
90 105
91 106
93 107
94 108
94 109
94 110
94 111
94 112
95 113
95 114
95 115
95 116
97 117
97 118
100 119
102 120
102 121
102 122
104 123
105 124
105 125
105 126
106 127
106 128
106 129
109 130
111 131
111 132
111 133
111 134
112 135
112 136
112 137
116 138
116 139
116 140
120 141
123 142
123 143
123 144
124 145
124 146
124 147
125 148
125 149
128 150
130 151
130 152
130 153
131 154
133 155
133 156
133 157
134 158
134 159
134 160
134 161
136 162
140 163
141 164
141 165
141 166
141 167
142 168
144 169
146 170
146 171
150 172
150 173
152 174
152 175
156 176
156 177
156 178
156 179
157 180
157 181
157 182
161 183
163 184
163 185
163 186
164 187
164 188
164 189
167 190
167 191
167 192
168 193
168 194
175 195
179 196
179 197
180 198
180 199
183 200
183 201
183 202
183 203
183 204
189 205
189 206
189 207
190 208
192 209
192 210
192 211
195 212
196 213
199 214
200 215
201 216
206 217
206 218
206 219
206 220
209 221
209 222
212 223
212 224
213 225
213 226
214 227
216 228
217 229
217 230
220 231
220 232
220 233
222 234
222 235
226 236
226 237
228 238
229 239
230 240
231 241
231 242
231 243
231 244
232 245
234 246
234 247
234 248
234 249
235 250
238 251
238 252
240 253
243 254
246 255
248 256
249 257
249 258
250 259
250 260
253 261
254 262
254 263
254 264
255 265
255 266
256 267
256 268
262 269
262 270
262 271
262 272
266 273
266 274
266 275
267 276
268 277
269 278
269 279
269 280
271 281
274 282
274 283
275 284
275 285
278 286
283 287
283 288
286 289
287 290
287 291
291 292
292 293
293 294
293 295
294 296
294 297
294 298
294 299
295 300
295 301
296 302
299 303
299 304
299 305
299 306
299 307
302 308
304 309
305 310
307 311
307 312
310 313
311 314
312 315
312 316
314 317
316 318
316 319
316 320
318 321

# Tree 7: 194 vertices, 193 edges
0 1
0 2
0 3
2 4
3 5
3 6
3 7
6 8
7 9
7 10
7 11
8 12
8 13
10 14
11 15
12 16
12 17
12 18
14 19
15 20
15 21
15 22
21 23
21 24
21 25
21 26
24 27
27 28
28 29
28 30
29 31
30 32
32 33
32 34
32 35
32 36
34 37
34 38
36 39
36 40
36 41
37 42
38 43
38 44
41 45
42 46
42 47
44 48
44 49
44 50
44 51
45 52
45 53
45 54
47 55
47 56
48 57
51 58
52 59
54 60
55 61
56 62
58 63
58 64
63 65
63 66
63 67
65 68
68 69
68 70
68 71
68 72
68 73
68 74
69 75
69 76
71 77
74 78
74 79
75 80
75 81
77 82
77 83
77 84
78 85
80 86
81 87
82 88
84 89
86 90
86 91
87 92
89 93
89 94
90 95
90 96
90 97
91 98
91 99
91 100
91 101
94 102
96 103
96 104
96 105
101 106
101 107
105 108
107 109
108 110
109 111
110 112
110 113
110 114
110 115
111 116
111 117
111 118
112 119
112 120
112 121
112 122
116 123
116 124
116 125
117 126
117 127
117 128
117 129
117 130
118 131
118 132
120 133
120 134
120 135
120 136
125 137
128 138
129 139
129 140
130 141
132 142
132 143
133 144
133 145
133 146
135 147
138 148
139 149
139 150
141 151
141 152
142 153
142 154
143 155
143 156
143 157
145 158
145 159
145 160
147 161
150 162
154 163
156 164
156 165
163 166
163 167
163 168
163 169
164 170
167 171
167 172
167 173
170 174
170 175
171 176
172 177
175 178
177 179
178 180
180 181
180 182
180 183
180 184
181 185
181 186
182 187
187 188
187 189
187 190
187 191
187 192
191 193

# Tree 8: 122 vertices, 121 edges
0 1
0 2
1 3
1 4
2 5
2 6
3 7
4 8
6 9
8 10
9 11
9 12
10 13
13 14
14 15
15 16
15 17
17 18
17 19
18 20
19 21
19 22
19 23
20 24
21 25
22 26
23 27
24 28
24 29
24 30
24 31
27 32
27 33
27 34
27 35
28 36
29 37
32 38
32 39
33 40
36 41
36 42
38 43
38 44
38 45
40 46
41 47
41 48
41 49
42 50
44 51
47 52
47 53
47 54
47 55
47 56
47 57
47 58
47 59
48 60
48 61
49 62
53 63
54 64
54 65
55 66
56 67
56 68
62 69
62 70
62 71
62 72
64 73
64 74
64 75
66 76
66 77
66 78
66 79
66 80
66 81
67 82
68 83
68 84
68 85
70 86
71 87
71 88
71 89
75 90
75 91
75 92
76 93
77 94
80 95
80 96
82 97
83 98
83 99
83 100
85 101
87 102
89 103
92 104
94 105
96 106
98 107
102 108
104 109
104 110
104 111
105 112
105 113
105 114
107 115
110 116
111 117
112 118
116 119
117 120
118 121

# Tree 9: 231 vertices, 230 edges
0 1
0 2
0 3
0 4
2 5
4 6
4 7
4 8
4 9
6 10
6 11
6 12
6 13
7 14
7 15
7 16
9 17
9 18
10 19
10 20
10 21
10 22
10 23
10 24
10 25
13 26
20 27
20 28
21 29
23 30
24 31
25 32
25 33
25 34
25 35
28 36
28 37
28 38
29 39
29 40
29 41
30 42
31 43
31 44
33 45
36 46
36 47
39 48
39 49
39 50
39 51
41 52
41 53
41 54
41 55
41 56
42 57
42 58
42 59
42 60
42 61
42 62
42 63
43 64
49 65
49 66
49 67
49 68
49 69
51 70
53 71
54 72
54 73
54 74
57 75
58 76
59 77
62 78
62 79
62 80
62 81
63 82
63 83
63 84
65 85
65 86
70 87
73 88
73 89
74 90
75 91
76 92
76 93
76 94
78 95
79 96
79 97
80 98
83 99
83 100
83 101
85 102
85 103
85 104
86 105
87 106
88 107
88 108
89 109
91 110
92 111
92 112
96 113
96 114
96 115
98 116
101 117
103 118
104 119
104 120
105 121
105 122
107 123
107 124
107 125
108 126
109 127
109 128
109 129
111 130
112 131
112 132
112 133
113 134
113 135
113 136
120 137
120 138
122 139
127 140
127 141
128 142
128 143
128 144
132 145
132 146
133 147
133 148
134 149
135 150
136 151
136 152
139 153
139 154
139 155
140 156
141 157
142 158
144 159
145 160
147 161
148 162
148 163
152 164
154 165
155 166
155 167
155 168
157 169
157 170
157 171
158 172
158 173
158 174
158 175
158 176
158 177
158 178
161 179
161 180
161 181
161 182
162 183
162 184
162 185
162 186
166 187
166 188
166 189
166 190
166 191
166 192
166 193
168 194
169 195
169 196
171 197
173 198
173 199
175 200
176 201
181 202
181 203
182 204
182 205
184 206
185 207
186 208
186 209
190 210
194 211
199 212
202 213
205 214
205 215
205 216
210 217
211 218
212 219
215 220
215 221
216 222
216 223
216 224
216 225
223 226
224 227
227 228
227 229
229 230

# Tree 10: 167 vertices, 166 edges
0 1
0 2
2 3
3 4
3 5
3 6
3 7
4 8
5 9
9 10
10 11
10 12
10 13
10 14
10 15
10 16
11 17
11 18
11 19
11 20
12 21
12 22
13 23
13 24
13 25
15 26
16 27
16 28
16 29
18 30
18 31
18 32
18 33
20 34
21 35
22 36
22 37
22 38
22 39
24 40
25 41
27 42
27 43
28 44
29 45
32 46
35 47
35 48
35 49
35 50
36 51
37 52
42 53
43 54
49 55
49 56
49 57
50 58
51 59
53 60
53 61
53 62
54 63
55 64
55 65
57 66
57 67
57 68
57 69
58 70
58 71
59 72
59 73
64 74
64 75
70 76
70 77
71 78
76 79
77 80
78 81
79 82
81 83
81 84
81 85
81 86
82 87
82 88
83 89
83 90
83 91
85 92
85 93
85 94
86 95
86 96
87 97
87 98
89 99
90 100
90 101
90 102
90 103
91 104
92 105
93 106
93 107
93 108
93 109
95 110
97 111
97 112
97 113
99 114
100 115
101 116
101 117
102 118
103 119
103 120
103 121
104 122
104 123
104 124
104 125
109 126
110 127
110 128
110 129
111 130
111 131
114 132
115 133
117 134
117 135
117 136
118 137
118 138
118 139
120 140
120 141
120 142
122 143
125 144
125 145
125 146
127 147
132 148
134 149
135 150
136 151
138 152
138 153
138 154
144 155
147 156
147 157
151 158
151 159
154 160
155 161
156 162
157 163
157 164
164 165
165 166

